{
 "cells": [
  {
   "cell_type": "code",
   "execution_count": 1,
   "id": "ee56f07c-3e89-4b76-b090-c3d52e506287",
   "metadata": {
    "scrolled": true
   },
   "outputs": [],
   "source": [
    "import pandas as pd\n",
    "import os\n",
    "\n",
    "import subprocess"
   ]
  },
  {
   "cell_type": "code",
   "execution_count": null,
   "id": "63fd1b5c-c566-4285-87e4-b0feeb295d50",
   "metadata": {},
   "outputs": [],
   "source": []
  },
  {
   "cell_type": "code",
   "execution_count": 2,
   "id": "e2ec606e-7dbe-47f9-a08a-d0bec9189329",
   "metadata": {},
   "outputs": [],
   "source": [
    "# wza_kendalltau_results_bio1.csv'\n",
    "# wza_results_lfmm_bio1.csv"
   ]
  },
  {
   "cell_type": "code",
   "execution_count": 3,
   "id": "df8dcc3d-6b5c-4ffd-af2e-b44847d54b8f",
   "metadata": {},
   "outputs": [],
   "source": [
    "tair = pd.read_csv('../key_files/TAIR10_GFF3_genes_transposons_formatted4topr_w_blocks.csv')"
   ]
  },
  {
   "cell_type": "code",
   "execution_count": 4,
   "id": "0824708d-cf62-4b43-aee3-be0b599c1ea8",
   "metadata": {},
   "outputs": [],
   "source": [
    "# Step 1: Define a function to match the block from df_genes to the blocks list in tair and retrieve the gene_id(s) from tair\n",
    "def match_gene_id(row, tair):\n",
    "    gene_block = row['block']  # Get the gene block value from df_genes\n",
    "    tair_rows = tair[tair['blocks'].apply(lambda blocks: gene_block in blocks)]  # Check if the gene block exists in any tair block list\n",
    "    if not tair_rows.empty:\n",
    "        return ','.join(tair_rows['gene_symbol'].values)  # Return all gene_ids as a comma-separated string if multiple matches are found\n",
    "    return None  # Return None if no match"
   ]
  },
  {
   "cell_type": "code",
   "execution_count": 5,
   "id": "22ea4254-5e53-4b47-9f02-b77da71adab7",
   "metadata": {},
   "outputs": [],
   "source": [
    "import pickle\n",
    "dict_blocks = '../key_files/blocks_snpsid_dict.pkl'\n",
    "\n",
    "with open(dict_blocks, 'rb') as file:\n",
    "    dict_blocks = pickle.load(file)\n",
    "\n",
    "reverse_mapping = {item: key for key, values in dict_blocks.items() for item in values}"
   ]
  },
  {
   "cell_type": "code",
   "execution_count": 7,
   "id": "83edd88c-b131-4f7f-9cee-b2a3d4586701",
   "metadata": {},
   "outputs": [],
   "source": [
    "df_lfmm_wza_block_gene_info_ncbi = pd.read_csv('df_lfmm_wza_block_gene_info_ncbi.csv')"
   ]
  },
  {
   "cell_type": "code",
   "execution_count": 8,
   "id": "17a5ca58-c7f9-415f-a88a-205fb60d3729",
   "metadata": {},
   "outputs": [
    {
     "data": {
      "text/html": [
       "<div>\n",
       "<style scoped>\n",
       "    .dataframe tbody tr th:only-of-type {\n",
       "        vertical-align: middle;\n",
       "    }\n",
       "\n",
       "    .dataframe tbody tr th {\n",
       "        vertical-align: top;\n",
       "    }\n",
       "\n",
       "    .dataframe thead th {\n",
       "        text-align: right;\n",
       "    }\n",
       "</style>\n",
       "<table border=\"1\" class=\"dataframe\">\n",
       "  <thead>\n",
       "    <tr style=\"text-align: right;\">\n",
       "      <th></th>\n",
       "      <th>block</th>\n",
       "      <th>gene_id</th>\n",
       "      <th>gene_name</th>\n",
       "      <th>description</th>\n",
       "    </tr>\n",
       "  </thead>\n",
       "  <tbody>\n",
       "    <tr>\n",
       "      <th>0</th>\n",
       "      <td>1_2867</td>\n",
       "      <td>AT1G55670</td>\n",
       "      <td>PSAG</td>\n",
       "      <td>Encodes subunit G of photosystem I, an 11-kDa ...</td>\n",
       "    </tr>\n",
       "    <tr>\n",
       "      <th>1</th>\n",
       "      <td>1_485</td>\n",
       "      <td>AT1G11840</td>\n",
       "      <td>GLX1</td>\n",
       "      <td>Encodes a glyoxalase I homolog ATGLX1.</td>\n",
       "    </tr>\n",
       "    <tr>\n",
       "      <th>2</th>\n",
       "      <td>1_485</td>\n",
       "      <td>AT1G70580</td>\n",
       "      <td>AOAT2</td>\n",
       "      <td>Encodes a protein with glyoxylate aminotransfe...</td>\n",
       "    </tr>\n",
       "    <tr>\n",
       "      <th>3</th>\n",
       "      <td>1_485</td>\n",
       "      <td>AT1G70610</td>\n",
       "      <td>ABCB26</td>\n",
       "      <td>member of TAP subfamily</td>\n",
       "    </tr>\n",
       "    <tr>\n",
       "      <th>4</th>\n",
       "      <td>1_485</td>\n",
       "      <td>AT1G70660</td>\n",
       "      <td>MMZ2</td>\n",
       "      <td>MMZ2/UEV1B encodes a protein that may play a r...</td>\n",
       "    </tr>\n",
       "    <tr>\n",
       "      <th>...</th>\n",
       "      <td>...</td>\n",
       "      <td>...</td>\n",
       "      <td>...</td>\n",
       "      <td>...</td>\n",
       "    </tr>\n",
       "    <tr>\n",
       "      <th>59</th>\n",
       "      <td>5_2922</td>\n",
       "      <td>AT5G60220</td>\n",
       "      <td>TET4</td>\n",
       "      <td>Member of TETRASPANIN family</td>\n",
       "    </tr>\n",
       "    <tr>\n",
       "      <th>60</th>\n",
       "      <td>5_2922</td>\n",
       "      <td>AT5G60230</td>\n",
       "      <td>SEN2</td>\n",
       "      <td>putative subunit of tRNA splicing endonuclease</td>\n",
       "    </tr>\n",
       "    <tr>\n",
       "      <th>61</th>\n",
       "      <td>5_2922</td>\n",
       "      <td>AT5G60300</td>\n",
       "      <td>LecRK-I.9</td>\n",
       "      <td>Lectin Receptor Kinase involved in protein-pro...</td>\n",
       "    </tr>\n",
       "    <tr>\n",
       "      <th>62</th>\n",
       "      <td>5_2922</td>\n",
       "      <td>AT5G60340</td>\n",
       "      <td>AAK6</td>\n",
       "      <td>Encodes a nuclear adenylate kinase that intera...</td>\n",
       "    </tr>\n",
       "    <tr>\n",
       "      <th>63</th>\n",
       "      <td>5_2922</td>\n",
       "      <td>AT5G60360</td>\n",
       "      <td>ALP</td>\n",
       "      <td>Encodes a senescence-associated thiol protease.</td>\n",
       "    </tr>\n",
       "  </tbody>\n",
       "</table>\n",
       "<p>64 rows × 4 columns</p>\n",
       "</div>"
      ],
      "text/plain": [
       "     block    gene_id  gene_name  \\\n",
       "0   1_2867  AT1G55670       PSAG   \n",
       "1    1_485  AT1G11840       GLX1   \n",
       "2    1_485  AT1G70580      AOAT2   \n",
       "3    1_485  AT1G70610     ABCB26   \n",
       "4    1_485  AT1G70660       MMZ2   \n",
       "..     ...        ...        ...   \n",
       "59  5_2922  AT5G60220       TET4   \n",
       "60  5_2922  AT5G60230       SEN2   \n",
       "61  5_2922  AT5G60300  LecRK-I.9   \n",
       "62  5_2922  AT5G60340       AAK6   \n",
       "63  5_2922  AT5G60360        ALP   \n",
       "\n",
       "                                          description  \n",
       "0   Encodes subunit G of photosystem I, an 11-kDa ...  \n",
       "1              Encodes a glyoxalase I homolog ATGLX1.  \n",
       "2   Encodes a protein with glyoxylate aminotransfe...  \n",
       "3                             member of TAP subfamily  \n",
       "4   MMZ2/UEV1B encodes a protein that may play a r...  \n",
       "..                                                ...  \n",
       "59                       Member of TETRASPANIN family  \n",
       "60     putative subunit of tRNA splicing endonuclease  \n",
       "61  Lectin Receptor Kinase involved in protein-pro...  \n",
       "62  Encodes a nuclear adenylate kinase that intera...  \n",
       "63    Encodes a senescence-associated thiol protease.  \n",
       "\n",
       "[64 rows x 4 columns]"
      ]
     },
     "execution_count": 8,
     "metadata": {},
     "output_type": "execute_result"
    }
   ],
   "source": [
    "df_lfmm_wza_block_gene_info_ncbi['']"
   ]
  },
  {
   "cell_type": "code",
   "execution_count": 94,
   "id": "72fbb5ed-ec77-473d-8520-cc7633cb6cda",
   "metadata": {
    "scrolled": true
   },
   "outputs": [],
   "source": [
    "#dict_blocks['2_1265']  11533904 11534263"
   ]
  },
  {
   "cell_type": "code",
   "execution_count": 9,
   "id": "29a46f19-ac66-4e43-9a4f-37972230c928",
   "metadata": {},
   "outputs": [],
   "source": [
    "## all samples wza on lfmm\n",
    "wza_lfmm = pd.read_csv('../wza/wza_results_lfmm_bio1.csv')"
   ]
  },
  {
   "cell_type": "code",
   "execution_count": 10,
   "id": "a35b6a39-a86c-4c64-bd09-db78737187f7",
   "metadata": {},
   "outputs": [],
   "source": [
    "wza_lfmm = wza_lfmm.rename(columns = {'gene':'block'})"
   ]
  },
  {
   "cell_type": "code",
   "execution_count": 11,
   "id": "6063ae39-5781-4f6d-a398-41ca36bea4fa",
   "metadata": {},
   "outputs": [],
   "source": [
    "sign_wza_lfmm = wza_lfmm[wza_lfmm['Z_pVal'] <= 0.05/len(wza_lfmm)]"
   ]
  },
  {
   "cell_type": "code",
   "execution_count": 13,
   "id": "dd9987a8-4be0-4d35-b5e5-d72fdc720cb7",
   "metadata": {},
   "outputs": [
    {
     "name": "stderr",
     "output_type": "stream",
     "text": [
      "/tmp/ipykernel_4071580/2714146059.py:1: SettingWithCopyWarning: \n",
      "A value is trying to be set on a copy of a slice from a DataFrame.\n",
      "Try using .loc[row_indexer,col_indexer] = value instead\n",
      "\n",
      "See the caveats in the documentation: https://pandas.pydata.org/pandas-docs/stable/user_guide/indexing.html#returning-a-view-versus-a-copy\n",
      "  sign_wza_lfmm['matching_gene_id'] = sign_wza_lfmm.apply(lambda row: match_gene_id(row, tair), axis=1)\n"
     ]
    }
   ],
   "source": [
    "sign_wza_lfmm['matching_gene_id'] = sign_wza_lfmm.apply(lambda row: match_gene_id(row, tair), axis=1)"
   ]
  },
  {
   "cell_type": "code",
   "execution_count": 17,
   "id": "30cd4b03-83aa-453e-b4ea-d2f351114ab7",
   "metadata": {},
   "outputs": [
    {
     "data": {
      "text/plain": [
       "array(['AT3G05380,AT3G05390,AT3G28910,AT3G28917,AT3G28918,AT3G28920,AT3G28925,AT3G28930,AT3G28940,AT3G28950,AT3G28956'],\n",
       "      dtype=object)"
      ]
     },
     "execution_count": 17,
     "metadata": {},
     "output_type": "execute_result"
    }
   ],
   "source": [
    "sign_wza_lfmm[sign_wza_lfmm['block']=='3_137']['matching_gene_id'].values"
   ]
  },
  {
   "cell_type": "code",
   "execution_count": null,
   "id": "2bb5e715-84a9-4e42-bc93-9f5261d23496",
   "metadata": {},
   "outputs": [],
   "source": []
  },
  {
   "cell_type": "code",
   "execution_count": 12,
   "id": "95013264-7e3e-49c1-b421-3d8e048e569b",
   "metadata": {
    "scrolled": true
   },
   "outputs": [
    {
     "data": {
      "text/html": [
       "<div>\n",
       "<style scoped>\n",
       "    .dataframe tbody tr th:only-of-type {\n",
       "        vertical-align: middle;\n",
       "    }\n",
       "\n",
       "    .dataframe tbody tr th {\n",
       "        vertical-align: top;\n",
       "    }\n",
       "\n",
       "    .dataframe thead th {\n",
       "        text-align: right;\n",
       "    }\n",
       "</style>\n",
       "<table border=\"1\" class=\"dataframe\">\n",
       "  <thead>\n",
       "    <tr style=\"text-align: right;\">\n",
       "      <th></th>\n",
       "      <th>block</th>\n",
       "      <th>SNPs</th>\n",
       "      <th>hits</th>\n",
       "      <th>Z</th>\n",
       "      <th>top_candidate_p</th>\n",
       "      <th>Z_pVal</th>\n",
       "    </tr>\n",
       "  </thead>\n",
       "  <tbody>\n",
       "    <tr>\n",
       "      <th>7214</th>\n",
       "      <td>2_970</td>\n",
       "      <td>1716</td>\n",
       "      <td>55</td>\n",
       "      <td>12.847247</td>\n",
       "      <td>2.080748e-13</td>\n",
       "      <td>2.243761e-13</td>\n",
       "    </tr>\n",
       "    <tr>\n",
       "      <th>4789</th>\n",
       "      <td>1_702</td>\n",
       "      <td>1699</td>\n",
       "      <td>267</td>\n",
       "      <td>12.236921</td>\n",
       "      <td>1.282245e-221</td>\n",
       "      <td>8.324132e-10</td>\n",
       "    </tr>\n",
       "    <tr>\n",
       "      <th>14961</th>\n",
       "      <td>5_2244</td>\n",
       "      <td>39</td>\n",
       "      <td>14</td>\n",
       "      <td>13.843255</td>\n",
       "      <td>1.193361e-18</td>\n",
       "      <td>3.556710e-09</td>\n",
       "    </tr>\n",
       "    <tr>\n",
       "      <th>7614</th>\n",
       "      <td>3_133</td>\n",
       "      <td>40</td>\n",
       "      <td>8</td>\n",
       "      <td>13.741720</td>\n",
       "      <td>5.782126e-09</td>\n",
       "      <td>5.730219e-09</td>\n",
       "    </tr>\n",
       "    <tr>\n",
       "      <th>9271</th>\n",
       "      <td>3_2855</td>\n",
       "      <td>48</td>\n",
       "      <td>6</td>\n",
       "      <td>14.343321</td>\n",
       "      <td>8.559985e-06</td>\n",
       "      <td>7.725087e-09</td>\n",
       "    </tr>\n",
       "    <tr>\n",
       "      <th>7059</th>\n",
       "      <td>2_827</td>\n",
       "      <td>141</td>\n",
       "      <td>82</td>\n",
       "      <td>22.186910</td>\n",
       "      <td>1.602818e-124</td>\n",
       "      <td>8.449797e-09</td>\n",
       "    </tr>\n",
       "    <tr>\n",
       "      <th>5407</th>\n",
       "      <td>2_1265</td>\n",
       "      <td>16</td>\n",
       "      <td>15</td>\n",
       "      <td>11.151806</td>\n",
       "      <td>1.585000e-29</td>\n",
       "      <td>1.569795e-08</td>\n",
       "    </tr>\n",
       "    <tr>\n",
       "      <th>4227</th>\n",
       "      <td>1_485</td>\n",
       "      <td>36</td>\n",
       "      <td>3</td>\n",
       "      <td>12.925697</td>\n",
       "      <td>5.580758e-03</td>\n",
       "      <td>1.722963e-08</td>\n",
       "    </tr>\n",
       "    <tr>\n",
       "      <th>654</th>\n",
       "      <td>1_1594</td>\n",
       "      <td>30</td>\n",
       "      <td>15</td>\n",
       "      <td>12.340603</td>\n",
       "      <td>1.346841e-22</td>\n",
       "      <td>1.942342e-08</td>\n",
       "    </tr>\n",
       "    <tr>\n",
       "      <th>3850</th>\n",
       "      <td>1_4505</td>\n",
       "      <td>96</td>\n",
       "      <td>9</td>\n",
       "      <td>17.562307</td>\n",
       "      <td>5.923819e-07</td>\n",
       "      <td>4.216780e-08</td>\n",
       "    </tr>\n",
       "    <tr>\n",
       "      <th>350</th>\n",
       "      <td>1_1318</td>\n",
       "      <td>44</td>\n",
       "      <td>22</td>\n",
       "      <td>13.132881</td>\n",
       "      <td>1.703152e-32</td>\n",
       "      <td>5.361920e-08</td>\n",
       "    </tr>\n",
       "    <tr>\n",
       "      <th>15696</th>\n",
       "      <td>5_2922</td>\n",
       "      <td>1598</td>\n",
       "      <td>10</td>\n",
       "      <td>18.230969</td>\n",
       "      <td>9.570234e-01</td>\n",
       "      <td>1.710446e-07</td>\n",
       "    </tr>\n",
       "    <tr>\n",
       "      <th>16421</th>\n",
       "      <td>5_780</td>\n",
       "      <td>40</td>\n",
       "      <td>14</td>\n",
       "      <td>11.961668</td>\n",
       "      <td>1.818823e-18</td>\n",
       "      <td>3.341260e-07</td>\n",
       "    </tr>\n",
       "    <tr>\n",
       "      <th>5244</th>\n",
       "      <td>2_1116</td>\n",
       "      <td>26</td>\n",
       "      <td>22</td>\n",
       "      <td>10.800096</td>\n",
       "      <td>1.438617e-40</td>\n",
       "      <td>3.594995e-07</td>\n",
       "    </tr>\n",
       "    <tr>\n",
       "      <th>7658</th>\n",
       "      <td>3_137</td>\n",
       "      <td>65</td>\n",
       "      <td>22</td>\n",
       "      <td>13.610011</td>\n",
       "      <td>8.035261e-28</td>\n",
       "      <td>6.002880e-07</td>\n",
       "    </tr>\n",
       "    <tr>\n",
       "      <th>8884</th>\n",
       "      <td>3_250</td>\n",
       "      <td>38</td>\n",
       "      <td>9</td>\n",
       "      <td>11.374437</td>\n",
       "      <td>1.254594e-10</td>\n",
       "      <td>8.289905e-07</td>\n",
       "    </tr>\n",
       "    <tr>\n",
       "      <th>13384</th>\n",
       "      <td>4_801</td>\n",
       "      <td>225</td>\n",
       "      <td>130</td>\n",
       "      <td>23.960528</td>\n",
       "      <td>7.309601e-196</td>\n",
       "      <td>1.040595e-06</td>\n",
       "    </tr>\n",
       "    <tr>\n",
       "      <th>9785</th>\n",
       "      <td>3_3325</td>\n",
       "      <td>53</td>\n",
       "      <td>1</td>\n",
       "      <td>12.259003</td>\n",
       "      <td>4.129632e-01</td>\n",
       "      <td>1.366619e-06</td>\n",
       "    </tr>\n",
       "    <tr>\n",
       "      <th>14638</th>\n",
       "      <td>5_1947</td>\n",
       "      <td>215</td>\n",
       "      <td>59</td>\n",
       "      <td>23.067357</td>\n",
       "      <td>9.586678e-66</td>\n",
       "      <td>1.399768e-06</td>\n",
       "    </tr>\n",
       "    <tr>\n",
       "      <th>7399</th>\n",
       "      <td>3_1136</td>\n",
       "      <td>24</td>\n",
       "      <td>9</td>\n",
       "      <td>10.000855</td>\n",
       "      <td>1.141790e-12</td>\n",
       "      <td>1.574742e-06</td>\n",
       "    </tr>\n",
       "    <tr>\n",
       "      <th>2046</th>\n",
       "      <td>1_2867</td>\n",
       "      <td>64</td>\n",
       "      <td>12</td>\n",
       "      <td>12.798694</td>\n",
       "      <td>2.029109e-12</td>\n",
       "      <td>2.191944e-06</td>\n",
       "    </tr>\n",
       "    <tr>\n",
       "      <th>4126</th>\n",
       "      <td>1_4758</td>\n",
       "      <td>40</td>\n",
       "      <td>2</td>\n",
       "      <td>11.020971</td>\n",
       "      <td>6.073662e-02</td>\n",
       "      <td>2.316135e-06</td>\n",
       "    </tr>\n",
       "  </tbody>\n",
       "</table>\n",
       "</div>"
      ],
      "text/plain": [
       "        block  SNPs  hits          Z  top_candidate_p        Z_pVal\n",
       "7214    2_970  1716    55  12.847247     2.080748e-13  2.243761e-13\n",
       "4789    1_702  1699   267  12.236921    1.282245e-221  8.324132e-10\n",
       "14961  5_2244    39    14  13.843255     1.193361e-18  3.556710e-09\n",
       "7614    3_133    40     8  13.741720     5.782126e-09  5.730219e-09\n",
       "9271   3_2855    48     6  14.343321     8.559985e-06  7.725087e-09\n",
       "7059    2_827   141    82  22.186910    1.602818e-124  8.449797e-09\n",
       "5407   2_1265    16    15  11.151806     1.585000e-29  1.569795e-08\n",
       "4227    1_485    36     3  12.925697     5.580758e-03  1.722963e-08\n",
       "654    1_1594    30    15  12.340603     1.346841e-22  1.942342e-08\n",
       "3850   1_4505    96     9  17.562307     5.923819e-07  4.216780e-08\n",
       "350    1_1318    44    22  13.132881     1.703152e-32  5.361920e-08\n",
       "15696  5_2922  1598    10  18.230969     9.570234e-01  1.710446e-07\n",
       "16421   5_780    40    14  11.961668     1.818823e-18  3.341260e-07\n",
       "5244   2_1116    26    22  10.800096     1.438617e-40  3.594995e-07\n",
       "7658    3_137    65    22  13.610011     8.035261e-28  6.002880e-07\n",
       "8884    3_250    38     9  11.374437     1.254594e-10  8.289905e-07\n",
       "13384   4_801   225   130  23.960528    7.309601e-196  1.040595e-06\n",
       "9785   3_3325    53     1  12.259003     4.129632e-01  1.366619e-06\n",
       "14638  5_1947   215    59  23.067357     9.586678e-66  1.399768e-06\n",
       "7399   3_1136    24     9  10.000855     1.141790e-12  1.574742e-06\n",
       "2046   1_2867    64    12  12.798694     2.029109e-12  2.191944e-06\n",
       "4126   1_4758    40     2  11.020971     6.073662e-02  2.316135e-06"
      ]
     },
     "execution_count": 12,
     "metadata": {},
     "output_type": "execute_result"
    }
   ],
   "source": [
    "sign_wza_lfmm.sort_values('Z_pVal')"
   ]
  },
  {
   "cell_type": "code",
   "execution_count": 103,
   "id": "52773b95-9544-4244-9b7d-0ef3de545730",
   "metadata": {},
   "outputs": [
    {
     "data": {
      "text/html": [
       "<div>\n",
       "<style scoped>\n",
       "    .dataframe tbody tr th:only-of-type {\n",
       "        vertical-align: middle;\n",
       "    }\n",
       "\n",
       "    .dataframe tbody tr th {\n",
       "        vertical-align: top;\n",
       "    }\n",
       "\n",
       "    .dataframe thead th {\n",
       "        text-align: right;\n",
       "    }\n",
       "</style>\n",
       "<table border=\"1\" class=\"dataframe\">\n",
       "  <thead>\n",
       "    <tr style=\"text-align: right;\">\n",
       "      <th></th>\n",
       "      <th>block</th>\n",
       "      <th>SNPs</th>\n",
       "      <th>hits</th>\n",
       "      <th>Z</th>\n",
       "      <th>top_candidate_p</th>\n",
       "      <th>Z_pVal</th>\n",
       "    </tr>\n",
       "  </thead>\n",
       "  <tbody>\n",
       "    <tr>\n",
       "      <th>350</th>\n",
       "      <td>1_1318</td>\n",
       "      <td>44</td>\n",
       "      <td>22</td>\n",
       "      <td>13.132881</td>\n",
       "      <td>1.703152e-32</td>\n",
       "      <td>5.361920e-08</td>\n",
       "    </tr>\n",
       "    <tr>\n",
       "      <th>654</th>\n",
       "      <td>1_1594</td>\n",
       "      <td>30</td>\n",
       "      <td>15</td>\n",
       "      <td>12.340603</td>\n",
       "      <td>1.346841e-22</td>\n",
       "      <td>1.942342e-08</td>\n",
       "    </tr>\n",
       "    <tr>\n",
       "      <th>2046</th>\n",
       "      <td>1_2867</td>\n",
       "      <td>64</td>\n",
       "      <td>12</td>\n",
       "      <td>12.798694</td>\n",
       "      <td>2.029109e-12</td>\n",
       "      <td>2.191944e-06</td>\n",
       "    </tr>\n",
       "    <tr>\n",
       "      <th>3850</th>\n",
       "      <td>1_4505</td>\n",
       "      <td>96</td>\n",
       "      <td>9</td>\n",
       "      <td>17.562307</td>\n",
       "      <td>5.923819e-07</td>\n",
       "      <td>4.216780e-08</td>\n",
       "    </tr>\n",
       "    <tr>\n",
       "      <th>4126</th>\n",
       "      <td>1_4758</td>\n",
       "      <td>40</td>\n",
       "      <td>2</td>\n",
       "      <td>11.020971</td>\n",
       "      <td>6.073662e-02</td>\n",
       "      <td>2.316135e-06</td>\n",
       "    </tr>\n",
       "    <tr>\n",
       "      <th>4227</th>\n",
       "      <td>1_485</td>\n",
       "      <td>36</td>\n",
       "      <td>3</td>\n",
       "      <td>12.925697</td>\n",
       "      <td>5.580758e-03</td>\n",
       "      <td>1.722963e-08</td>\n",
       "    </tr>\n",
       "    <tr>\n",
       "      <th>4789</th>\n",
       "      <td>1_702</td>\n",
       "      <td>1699</td>\n",
       "      <td>267</td>\n",
       "      <td>12.236921</td>\n",
       "      <td>1.282245e-221</td>\n",
       "      <td>8.324132e-10</td>\n",
       "    </tr>\n",
       "    <tr>\n",
       "      <th>5244</th>\n",
       "      <td>2_1116</td>\n",
       "      <td>26</td>\n",
       "      <td>22</td>\n",
       "      <td>10.800096</td>\n",
       "      <td>1.438617e-40</td>\n",
       "      <td>3.594995e-07</td>\n",
       "    </tr>\n",
       "    <tr>\n",
       "      <th>5407</th>\n",
       "      <td>2_1265</td>\n",
       "      <td>16</td>\n",
       "      <td>15</td>\n",
       "      <td>11.151806</td>\n",
       "      <td>1.585000e-29</td>\n",
       "      <td>1.569795e-08</td>\n",
       "    </tr>\n",
       "    <tr>\n",
       "      <th>7059</th>\n",
       "      <td>2_827</td>\n",
       "      <td>141</td>\n",
       "      <td>82</td>\n",
       "      <td>22.186910</td>\n",
       "      <td>1.602818e-124</td>\n",
       "      <td>8.449797e-09</td>\n",
       "    </tr>\n",
       "    <tr>\n",
       "      <th>7214</th>\n",
       "      <td>2_970</td>\n",
       "      <td>1716</td>\n",
       "      <td>55</td>\n",
       "      <td>12.847247</td>\n",
       "      <td>2.080748e-13</td>\n",
       "      <td>2.243761e-13</td>\n",
       "    </tr>\n",
       "    <tr>\n",
       "      <th>7399</th>\n",
       "      <td>3_1136</td>\n",
       "      <td>24</td>\n",
       "      <td>9</td>\n",
       "      <td>10.000855</td>\n",
       "      <td>1.141790e-12</td>\n",
       "      <td>1.574742e-06</td>\n",
       "    </tr>\n",
       "    <tr>\n",
       "      <th>7614</th>\n",
       "      <td>3_133</td>\n",
       "      <td>40</td>\n",
       "      <td>8</td>\n",
       "      <td>13.741720</td>\n",
       "      <td>5.782126e-09</td>\n",
       "      <td>5.730219e-09</td>\n",
       "    </tr>\n",
       "    <tr>\n",
       "      <th>7658</th>\n",
       "      <td>3_137</td>\n",
       "      <td>65</td>\n",
       "      <td>22</td>\n",
       "      <td>13.610011</td>\n",
       "      <td>8.035261e-28</td>\n",
       "      <td>6.002880e-07</td>\n",
       "    </tr>\n",
       "    <tr>\n",
       "      <th>8884</th>\n",
       "      <td>3_250</td>\n",
       "      <td>38</td>\n",
       "      <td>9</td>\n",
       "      <td>11.374437</td>\n",
       "      <td>1.254594e-10</td>\n",
       "      <td>8.289905e-07</td>\n",
       "    </tr>\n",
       "    <tr>\n",
       "      <th>9271</th>\n",
       "      <td>3_2855</td>\n",
       "      <td>48</td>\n",
       "      <td>6</td>\n",
       "      <td>14.343321</td>\n",
       "      <td>8.559985e-06</td>\n",
       "      <td>7.725087e-09</td>\n",
       "    </tr>\n",
       "    <tr>\n",
       "      <th>9785</th>\n",
       "      <td>3_3325</td>\n",
       "      <td>53</td>\n",
       "      <td>1</td>\n",
       "      <td>12.259003</td>\n",
       "      <td>4.129632e-01</td>\n",
       "      <td>1.366619e-06</td>\n",
       "    </tr>\n",
       "    <tr>\n",
       "      <th>13384</th>\n",
       "      <td>4_801</td>\n",
       "      <td>225</td>\n",
       "      <td>130</td>\n",
       "      <td>23.960528</td>\n",
       "      <td>7.309601e-196</td>\n",
       "      <td>1.040595e-06</td>\n",
       "    </tr>\n",
       "    <tr>\n",
       "      <th>14638</th>\n",
       "      <td>5_1947</td>\n",
       "      <td>215</td>\n",
       "      <td>59</td>\n",
       "      <td>23.067357</td>\n",
       "      <td>9.586678e-66</td>\n",
       "      <td>1.399768e-06</td>\n",
       "    </tr>\n",
       "    <tr>\n",
       "      <th>14961</th>\n",
       "      <td>5_2244</td>\n",
       "      <td>39</td>\n",
       "      <td>14</td>\n",
       "      <td>13.843255</td>\n",
       "      <td>1.193361e-18</td>\n",
       "      <td>3.556710e-09</td>\n",
       "    </tr>\n",
       "    <tr>\n",
       "      <th>15696</th>\n",
       "      <td>5_2922</td>\n",
       "      <td>1598</td>\n",
       "      <td>10</td>\n",
       "      <td>18.230969</td>\n",
       "      <td>9.570234e-01</td>\n",
       "      <td>1.710446e-07</td>\n",
       "    </tr>\n",
       "    <tr>\n",
       "      <th>16421</th>\n",
       "      <td>5_780</td>\n",
       "      <td>40</td>\n",
       "      <td>14</td>\n",
       "      <td>11.961668</td>\n",
       "      <td>1.818823e-18</td>\n",
       "      <td>3.341260e-07</td>\n",
       "    </tr>\n",
       "  </tbody>\n",
       "</table>\n",
       "</div>"
      ],
      "text/plain": [
       "        block  SNPs  hits          Z  top_candidate_p        Z_pVal\n",
       "350    1_1318    44    22  13.132881     1.703152e-32  5.361920e-08\n",
       "654    1_1594    30    15  12.340603     1.346841e-22  1.942342e-08\n",
       "2046   1_2867    64    12  12.798694     2.029109e-12  2.191944e-06\n",
       "3850   1_4505    96     9  17.562307     5.923819e-07  4.216780e-08\n",
       "4126   1_4758    40     2  11.020971     6.073662e-02  2.316135e-06\n",
       "4227    1_485    36     3  12.925697     5.580758e-03  1.722963e-08\n",
       "4789    1_702  1699   267  12.236921    1.282245e-221  8.324132e-10\n",
       "5244   2_1116    26    22  10.800096     1.438617e-40  3.594995e-07\n",
       "5407   2_1265    16    15  11.151806     1.585000e-29  1.569795e-08\n",
       "7059    2_827   141    82  22.186910    1.602818e-124  8.449797e-09\n",
       "7214    2_970  1716    55  12.847247     2.080748e-13  2.243761e-13\n",
       "7399   3_1136    24     9  10.000855     1.141790e-12  1.574742e-06\n",
       "7614    3_133    40     8  13.741720     5.782126e-09  5.730219e-09\n",
       "7658    3_137    65    22  13.610011     8.035261e-28  6.002880e-07\n",
       "8884    3_250    38     9  11.374437     1.254594e-10  8.289905e-07\n",
       "9271   3_2855    48     6  14.343321     8.559985e-06  7.725087e-09\n",
       "9785   3_3325    53     1  12.259003     4.129632e-01  1.366619e-06\n",
       "13384   4_801   225   130  23.960528    7.309601e-196  1.040595e-06\n",
       "14638  5_1947   215    59  23.067357     9.586678e-66  1.399768e-06\n",
       "14961  5_2244    39    14  13.843255     1.193361e-18  3.556710e-09\n",
       "15696  5_2922  1598    10  18.230969     9.570234e-01  1.710446e-07\n",
       "16421   5_780    40    14  11.961668     1.818823e-18  3.341260e-07"
      ]
     },
     "execution_count": 103,
     "metadata": {},
     "output_type": "execute_result"
    }
   ],
   "source": [
    "sign_wza_lfmm"
   ]
  },
  {
   "cell_type": "code",
   "execution_count": null,
   "id": "b3066410-c677-4d32-8b6e-9240c9955c74",
   "metadata": {},
   "outputs": [],
   "source": []
  },
  {
   "cell_type": "code",
   "execution_count": 99,
   "id": "c5dae16c-5346-469a-8fdb-b51ae1979794",
   "metadata": {},
   "outputs": [],
   "source": [
    "# Open the BED file for writing\n",
    "with open(\"wza_lfmm_bio1_sign_blocks.bed\", \"w\") as bed_file:\n",
    "    for block in sign_wza_lfmm['block']:\n",
    "        if block in dict_blocks:\n",
    "            # Extract SNPs for the block\n",
    "            snps = dict_blocks[block]\n",
    "            \n",
    "            # Assuming the format of SNP is like '1_291' where '1' is the chromosome and '291' is the position\n",
    "            # We need to find the min and max positions for the block to create the start-end range\n",
    "            chrom_positions = [snp.split('_') for snp in snps]\n",
    "            chrom = chrom_positions[0][0]  # The chromosome, assuming all SNPs are from the same chromosome\n",
    "            \n",
    "            # Get the minimum and maximum position for the block\n",
    "            start = min(int(pos) for chrom, pos in chrom_positions)\n",
    "            end = max(int(pos) for chrom, pos in chrom_positions)\n",
    "            \n",
    "            # Write the block information in BED format: chrom, start, end, block name\n",
    "            bed_file.write(f\"{chrom}\\t{start}\\t{end}\\t{block}\\n\")"
   ]
  },
  {
   "cell_type": "code",
   "execution_count": 37,
   "id": "88cb60e3-d24e-4b08-83fe-8652c8c64b47",
   "metadata": {},
   "outputs": [
    {
     "name": "stdout",
     "output_type": "stream",
     "text": [
      "BED file has been created with 'Chr' prefix in chromosome names.\n"
     ]
    }
   ],
   "source": [
    "# Open the BED file for writing\n",
    "with open(\"wza_lfmm_bio1_sign_blocks.bed\", \"w\") as bed_file:\n",
    "    for block in sign_wza_lfmm['block']:\n",
    "        if block in dict_blocks:\n",
    "            # Extract SNPs for the block\n",
    "            snps = dict_blocks[block]\n",
    "            \n",
    "            # Assuming the format of SNP is like '1_291' where '1' is the chromosome and '291' is the position\n",
    "            # We need to find the min and max positions for the block to create the start-end range\n",
    "            chrom_positions = [snp.split('_') for snp in snps]\n",
    "            chrom = chrom_positions[0][0]  # The chromosome, assuming all SNPs are from the same chromosome\n",
    "            \n",
    "            # Prepend 'Chr' to the chromosome name to match GFF naming convention\n",
    "            chrom = f\"Chr{chrom}\"\n",
    "            \n",
    "            # Get the minimum and maximum position for the block\n",
    "            start = min(int(pos) for chrom, pos in chrom_positions)\n",
    "            end = max(int(pos) for chrom, pos in chrom_positions)\n",
    "            \n",
    "            # Write the block information in BED format: chrom, start, end, block name\n",
    "            bed_file.write(f\"{chrom}\\t{start}\\t{end}\\t{block}\\n\")\n",
    "\n",
    "print(\"BED file has been created with 'Chr' prefix in chromosome names.\")\n"
   ]
  },
  {
   "cell_type": "code",
   "execution_count": null,
   "id": "a7a16dc5-dfc2-4272-929a-94237679e62b",
   "metadata": {},
   "outputs": [],
   "source": []
  },
  {
   "cell_type": "code",
   "execution_count": 100,
   "id": "6eff397f-bd12-4dd4-9d49-75cfae27d663",
   "metadata": {},
   "outputs": [
    {
     "name": "stdout",
     "output_type": "stream",
     "text": [
      "Intersection complete. Results saved in wza_lfmm_bio1_sign_blocks_annotated.txt\n"
     ]
    },
    {
     "name": "stderr",
     "output_type": "stream",
     "text": [
      "***** WARNING: File wza_lfmm_bio1_sign_blocks.bed has inconsistent naming convention for record:\n",
      "1\t9219501\t9221073\t1_1318\n",
      "\n",
      "***** WARNING: File wza_lfmm_bio1_sign_blocks.bed has inconsistent naming convention for record:\n",
      "1\t9219501\t9221073\t1_1318\n",
      "\n"
     ]
    }
   ],
   "source": [
    "\n",
    "\n",
    "# Assuming the bed file is already created by the previous code\n",
    "bed_file = \"wza_lfmm_bio1_sign_blocks.bed\"\n",
    "gff_file = \"../key_files/TAIR10_GFF3_genes_transposons.gff\"  # Replace with your actual GFF3 file path\n",
    "output_file = \"wza_lfmm_bio1_sign_blocks_annotated.txt\" \n",
    "\n",
    "# Construct the command to load the bedtools module and run the intersect command\n",
    "cmd = \"\"\"\n",
    "module load BEDTools/2.29.2; \\\n",
    "bedtools intersect -wb -a {bed_file} -b {gff_file} > {output_file}\n",
    "\"\"\".format(gff_file=gff_file, bed_file=bed_file, output_file=output_file)\n",
    "\n",
    "# Run the command\n",
    "try:\n",
    "    subprocess.run(cmd, shell=True, check=True, executable=\"/bin/bash\")  # Use bash to run the command\n",
    "    print(f\"Intersection complete. Results saved in {output_file}\")\n",
    "except subprocess.CalledProcessError as e:\n",
    "    print(f\"Error running bedtools: {e}\")\n"
   ]
  },
  {
   "cell_type": "code",
   "execution_count": 101,
   "id": "b85b5c83-0dcc-4f60-bde7-1d7e30f3bb11",
   "metadata": {},
   "outputs": [
    {
     "ename": "EmptyDataError",
     "evalue": "No columns to parse from file",
     "output_type": "error",
     "traceback": [
      "\u001b[0;31m---------------------------------------------------------------------------\u001b[0m",
      "\u001b[0;31mEmptyDataError\u001b[0m                            Traceback (most recent call last)",
      "Cell \u001b[0;32mIn[101], line 1\u001b[0m\n\u001b[0;32m----> 1\u001b[0m annot \u001b[38;5;241m=\u001b[39m \u001b[43mpd\u001b[49m\u001b[38;5;241;43m.\u001b[39;49m\u001b[43mread_csv\u001b[49m\u001b[43m(\u001b[49m\u001b[38;5;124;43m'\u001b[39;49m\u001b[38;5;124;43mwza_lfmm_bio1_sign_blocks_annotated.txt\u001b[39;49m\u001b[38;5;124;43m'\u001b[39;49m\u001b[43m,\u001b[49m\u001b[43m \u001b[49m\u001b[43msep\u001b[49m\u001b[38;5;241;43m=\u001b[39;49m\u001b[38;5;124;43m'\u001b[39;49m\u001b[38;5;130;43;01m\\t\u001b[39;49;00m\u001b[38;5;124;43m'\u001b[39;49m\u001b[43m,\u001b[49m\u001b[43m \u001b[49m\u001b[43mheader\u001b[49m\u001b[38;5;241;43m=\u001b[39;49m\u001b[38;5;28;43;01mNone\u001b[39;49;00m\u001b[43m)\u001b[49m\n",
      "File \u001b[0;32m~/miniforge3/envs/pipeline_snakemake/lib/python3.9/site-packages/pandas/io/parsers/readers.py:912\u001b[0m, in \u001b[0;36mread_csv\u001b[0;34m(filepath_or_buffer, sep, delimiter, header, names, index_col, usecols, dtype, engine, converters, true_values, false_values, skipinitialspace, skiprows, skipfooter, nrows, na_values, keep_default_na, na_filter, verbose, skip_blank_lines, parse_dates, infer_datetime_format, keep_date_col, date_parser, date_format, dayfirst, cache_dates, iterator, chunksize, compression, thousands, decimal, lineterminator, quotechar, quoting, doublequote, escapechar, comment, encoding, encoding_errors, dialect, on_bad_lines, delim_whitespace, low_memory, memory_map, float_precision, storage_options, dtype_backend)\u001b[0m\n\u001b[1;32m    899\u001b[0m kwds_defaults \u001b[38;5;241m=\u001b[39m _refine_defaults_read(\n\u001b[1;32m    900\u001b[0m     dialect,\n\u001b[1;32m    901\u001b[0m     delimiter,\n\u001b[0;32m   (...)\u001b[0m\n\u001b[1;32m    908\u001b[0m     dtype_backend\u001b[38;5;241m=\u001b[39mdtype_backend,\n\u001b[1;32m    909\u001b[0m )\n\u001b[1;32m    910\u001b[0m kwds\u001b[38;5;241m.\u001b[39mupdate(kwds_defaults)\n\u001b[0;32m--> 912\u001b[0m \u001b[38;5;28;01mreturn\u001b[39;00m \u001b[43m_read\u001b[49m\u001b[43m(\u001b[49m\u001b[43mfilepath_or_buffer\u001b[49m\u001b[43m,\u001b[49m\u001b[43m \u001b[49m\u001b[43mkwds\u001b[49m\u001b[43m)\u001b[49m\n",
      "File \u001b[0;32m~/miniforge3/envs/pipeline_snakemake/lib/python3.9/site-packages/pandas/io/parsers/readers.py:577\u001b[0m, in \u001b[0;36m_read\u001b[0;34m(filepath_or_buffer, kwds)\u001b[0m\n\u001b[1;32m    574\u001b[0m _validate_names(kwds\u001b[38;5;241m.\u001b[39mget(\u001b[38;5;124m\"\u001b[39m\u001b[38;5;124mnames\u001b[39m\u001b[38;5;124m\"\u001b[39m, \u001b[38;5;28;01mNone\u001b[39;00m))\n\u001b[1;32m    576\u001b[0m \u001b[38;5;66;03m# Create the parser.\u001b[39;00m\n\u001b[0;32m--> 577\u001b[0m parser \u001b[38;5;241m=\u001b[39m \u001b[43mTextFileReader\u001b[49m\u001b[43m(\u001b[49m\u001b[43mfilepath_or_buffer\u001b[49m\u001b[43m,\u001b[49m\u001b[43m \u001b[49m\u001b[38;5;241;43m*\u001b[39;49m\u001b[38;5;241;43m*\u001b[39;49m\u001b[43mkwds\u001b[49m\u001b[43m)\u001b[49m\n\u001b[1;32m    579\u001b[0m \u001b[38;5;28;01mif\u001b[39;00m chunksize \u001b[38;5;129;01mor\u001b[39;00m iterator:\n\u001b[1;32m    580\u001b[0m     \u001b[38;5;28;01mreturn\u001b[39;00m parser\n",
      "File \u001b[0;32m~/miniforge3/envs/pipeline_snakemake/lib/python3.9/site-packages/pandas/io/parsers/readers.py:1407\u001b[0m, in \u001b[0;36mTextFileReader.__init__\u001b[0;34m(self, f, engine, **kwds)\u001b[0m\n\u001b[1;32m   1404\u001b[0m     \u001b[38;5;28mself\u001b[39m\u001b[38;5;241m.\u001b[39moptions[\u001b[38;5;124m\"\u001b[39m\u001b[38;5;124mhas_index_names\u001b[39m\u001b[38;5;124m\"\u001b[39m] \u001b[38;5;241m=\u001b[39m kwds[\u001b[38;5;124m\"\u001b[39m\u001b[38;5;124mhas_index_names\u001b[39m\u001b[38;5;124m\"\u001b[39m]\n\u001b[1;32m   1406\u001b[0m \u001b[38;5;28mself\u001b[39m\u001b[38;5;241m.\u001b[39mhandles: IOHandles \u001b[38;5;241m|\u001b[39m \u001b[38;5;28;01mNone\u001b[39;00m \u001b[38;5;241m=\u001b[39m \u001b[38;5;28;01mNone\u001b[39;00m\n\u001b[0;32m-> 1407\u001b[0m \u001b[38;5;28mself\u001b[39m\u001b[38;5;241m.\u001b[39m_engine \u001b[38;5;241m=\u001b[39m \u001b[38;5;28;43mself\u001b[39;49m\u001b[38;5;241;43m.\u001b[39;49m\u001b[43m_make_engine\u001b[49m\u001b[43m(\u001b[49m\u001b[43mf\u001b[49m\u001b[43m,\u001b[49m\u001b[43m \u001b[49m\u001b[38;5;28;43mself\u001b[39;49m\u001b[38;5;241;43m.\u001b[39;49m\u001b[43mengine\u001b[49m\u001b[43m)\u001b[49m\n",
